# Depth density Vp Vs
0.0 1.02000 1.45000 0.00000
1.0 1.02000 1.45000 0.00000
2.0 1.02000 1.45000 0.00000
3.0 1.02000 1.45000 0.00000
3.0 2.60000 5.80000 3.20000
4.0 2.60000 5.80000 3.20000
5.0 2.60000 5.80000 3.20000
6.0 2.60000 5.80000 3.20000
7.0 2.60000 5.80000 3.20000
8.0 2.60000 5.80000 3.20000
9.0 2.60000 5.80000 3.20000
10.0 2.60000 5.80000 3.20000
11.0 2.60000 5.80000 3.20000
12.0 2.60000 5.80000 3.20000
13.0 2.60000 5.80000 3.20000
14.0 2.60000 5.80000 3.20000
15.0 2.60000 5.80000 3.20000
15.0 2.90000 6.80000 3.90000
16.0 2.90000 6.80000 3.90000
17.0 2.90000 6.80000 3.90000
18.0 2.90000 6.80000 3.90000
19.0 2.90000 6.80000 3.90000
20.0 2.90000 6.80000 3.90000
21.0 2.90000 6.80000 3.90000
22.0 2.90000 6.80000 3.90000
23.0 2.90000 6.80000 3.90000
24.4 2.90000 6.80000 3.90000
24.4 3.38075 8.02206 4.39602
25.0 3.38068 8.02138 4.39616
26.0 3.38057 8.02024 4.39639
27.0 3.38047 8.01911 4.39662
28.0 3.38036 8.01798 4.39685
29.0 3.38025 8.01684 4.39708
30.0 3.38014 8.01571 4.39731
31.0 3.38003 8.01458 4.39754
32.0 3.37992 8.01345 4.39777
33.0 3.37981 8.01231 4.39800
34.0 3.37970 8.01118 4.39823
35.0 3.37960 8.01005 4.39846
40.0 3.37905 8.00438 4.39962
45.0 3.37851 7.99872 4.40077
50.0 3.37797 7.99305 4.40192
60.0 3.37688 7.98172 4.40422
70.0 3.37579 7.97039 4.40653
80.0 3.37471 7.95906 4.40883
80.0 3.37471 7.95906 4.40883
90.0 3.37362 7.94773 4.41113
100.0 3.37253 7.93641 4.41344
110.0 3.37145 7.92508 4.41574
120.0 3.37036 7.91375 4.41805
130.0 3.36927 7.90242 4.42035
140.0 3.36818 7.89109 4.42265
150.0 3.36710 7.87976 4.42496
160.0 3.36601 7.86843 4.42726
170.0 3.36492 7.85710 4.42957
180.0 3.36384 7.84577 4.43187
190.0 3.36275 7.83444 4.43417
200.0 3.36166 7.82311 4.43648
210.0 3.36058 7.81178 4.43878
220.0 3.35949 7.80045 4.44109
220.0 3.43577 8.55895 4.64390
230.0 3.44175 8.57819 4.65090
240.0 3.44772 8.59743 4.65790
250.0 3.45369 8.61666 4.66490
260.0 3.45966 8.63590 4.67190
270.0 3.46563 8.65514 4.67890
280.0 3.47160 8.67438 4.68590
290.0 3.47758 8.69362 4.69290
300.0 3.48355 8.71286 4.69990
310.0 3.48952 8.73210 4.70690
320.0 3.49549 8.75133 4.71390
330.0 3.50146 8.77057 4.72090
340.0 3.50743 8.78981 4.72790
350.0 3.51341 8.80905 4.73490
360.0 3.51938 8.82829 4.74190
370.0 3.52535 8.84753 4.74890
380.0 3.53132 8.86677 4.75590
390.0 3.53729 8.88600 4.76290
400.0 3.54326 8.90524 4.76990
400.0 3.72375 9.13392 4.93249
410.0 3.73635 9.18511 4.96166
420.0 3.74895 9.23631 4.99083
430.0 3.76156 9.28750 5.02000
440.0 3.77416 9.33870 5.04918
450.0 3.78677 9.38989 5.07835
460.0 3.79937 9.44109 5.10752
470.0 3.81197 9.49228 5.13669
480.0 3.82458 9.54348 5.16586
490.0 3.83718 9.59468 5.19504
500.0 3.84978 9.64587 5.22421
510.0 3.86239 9.69707 5.25338
520.0 3.87499 9.74826 5.28255
530.0 3.88759 9.79946 5.31173
540.0 3.90020 9.85065 5.34090
550.0 3.91280 9.90185 5.37007
560.0 3.92541 9.95304 5.39924
570.0 3.93801 10.00424 5.42841
580.0 3.95061 10.05543 5.45759
590.0 3.96322 10.10663 5.48676
600.0 3.97582 10.15783 5.51593
600.0 3.97582 10.15776 5.51602
610.0 3.97815 10.17325 5.52376
620.0 3.98048 10.18874 5.53150
630.0 3.98281 10.20422 5.53924
640.0 3.98514 10.21971 5.54699
650.0 3.98746 10.23520 5.55473
660.0 3.98979 10.25069 5.56247
670.0 3.99212 10.26617 5.57021
670.0 4.38074 10.75132 5.94513
685.3 4.39029 10.79897 5.98986
735.3 4.42128 10.95459 6.13609
771.0 4.44320 11.06560 6.24054
771.0 4.44320 11.06559 6.24039
785.3 4.45194 11.09179 6.25067
835.3 4.48228 11.18192 6.28608
885.3 4.51232 11.26984 6.32065
935.3 4.54206 11.35563 6.35442
985.3 4.57150 11.43936 6.38742
1035.3 4.60067 11.52110 6.41967
1085.3 4.62956 11.60095 6.45120
1135.3 4.65819 11.67896 6.48204
1185.3 4.68656 11.75523 6.51220
1235.3 4.71469 11.82983 6.54173
1285.3 4.74259 11.90283 6.57064
1335.3 4.77025 11.97431 6.59897
1385.3 4.79770 12.04435 6.62674
1435.3 4.82493 12.11304 6.65398
1485.3 4.85196 12.18043 6.68071
1535.3 4.87881 12.24662 6.70696
1585.3 4.90547 12.31167 6.73276
1635.3 4.93195 12.37567 6.75813
1685.3 4.95827 12.43870 6.78311
1735.3 4.98443 12.50083 6.80771
1785.3 5.01045 12.56213 6.83197
1835.3 5.03633 12.62269 6.85592
1885.3 5.06208 12.68258 6.87957
1935.3 5.08770 12.74188 6.90296
1985.3 5.11322 12.80067 6.92611
2035.3 5.13863 12.85902 6.94906
2085.3 5.16395 12.91702 6.97182
2135.3 5.18919 12.97473 6.99442
2185.3 5.21434 13.03224 7.01690
2235.3 5.23944 13.08963 7.03927
2285.3 5.26447 13.14696 7.06157
2335.3 5.28945 13.20432 7.08382
2385.3 5.31440 13.26179 7.10605
2435.3 5.33931 13.31944 7.12828
2485.3 5.36420 13.37735 7.15055
2535.3 5.38908 13.43560 7.17287
2585.3 5.41395 13.49426 7.19529
2635.3 5.43883 13.55341 7.21781
2685.3 5.46372 13.61313 7.24048
2735.3 5.48863 13.67350 7.26331
2741.0 5.49148 13.68042 7.26593
2741.0 5.49148 13.68044 7.26597
2785.3 5.51358 13.69098 7.26563
2835.3 5.53856 13.70302 7.26520
2885.3 5.56360 13.71522 7.26471
2891.0 5.56646 13.71662 7.26465
2891.0 9.90344 8.06479 0.00000
2971.0 10.02942 8.19943 0.00000
3071.0 10.18136 8.36024 0.00000
3171.0 10.32727 8.51302 0.00000
3271.0 10.46729 8.65809 0.00000
3371.0 10.60153 8.79577 0.00000
3471.0 10.73013 8.92636 0.00000
3571.0 10.85322 9.05019 0.00000
3671.0 10.97092 9.16756 0.00000
3771.0 11.08336 9.27880 0.00000
3871.0 11.19067 9.38422 0.00000
3971.0 11.29298 9.48413 0.00000
4071.0 11.39042 9.57885 0.00000
4149.5 11.46358 9.64977 0.00000
4171.0 11.48311 9.66869 0.00000
4271.0 11.57119 9.75397 0.00000
4371.0 11.65478 9.83500 0.00000
4471.0 11.73401 9.91210 0.00000
4571.0 11.80900 9.98558 0.00000
4671.0 11.87989 10.05576 0.00000
4771.0 11.94681 10.12295 0.00000
4871.0 12.00988 10.18747 0.00000
4971.0 12.06923 10.24963 0.00000
5071.0 12.12499 10.30975 0.00000
5149.5 12.16633 10.35572 0.00000
5149.5 12.76361 11.02826 3.50431
5153.9 12.76595 11.02994 3.50549
5171.0 12.77495 11.03642 3.51002
5271.0 12.82503 11.07249 3.53522
5371.0 12.87076 11.10541 3.55823
5471.0 12.91213 11.13520 3.57905
5571.0 12.94914 11.16186 3.59767
5671.0 12.98181 11.18537 3.61411
5771.0 13.01011 11.20576 3.62835
5871.0 13.03406 11.22300 3.64041
5971.0 13.05366 11.23711 3.65027
6071.0 13.06890 11.24809 3.65794
6171.0 13.07979 11.25593 3.66342
6271.0 13.08632 11.26063 3.66670
6371.0 13.08850 11.26220 3.66780