   8.92210091320040        968.600000000000        6.87585172996913     
   18.7403551764153        967.500000000000        6.87471542490394     
   30.3502178230490        966.200000000000        6.87337085212031     
   41.9638004233435        964.900000000000        6.87202446902634     
   51.7961786025212        963.800000000000        6.87088380420623     
   61.6364173978507        962.700000000000        6.86974183678392     
   71.4811632946717        961.600000000000        6.86859856378094     
   83.1224130641196        960.300000000000        6.86724573564393     
   94.7794327754207        959.000000000000        6.86589107488344     
   107.346523063172        957.600000000000        6.86443015424376     
   119.020408085767        956.300000000000        6.86307167135550     
   129.802990575200        955.100000000000        6.86181604704069     
   141.495403223519        953.800000000000        6.86045400586412     
   152.291415585443        952.600000000000        6.85919508836676     
   163.097319165219        951.400000000000        6.85793458399818     
   174.811041186589        950.100000000000        6.85656724221270     
   185.634215364180        948.900000000000        6.85530341897971     
   195.564068632838        947.800000000000        6.85414350953349     
   206.406051667824        946.600000000000        6.85287661747215     
   217.258046969408        945.400000000000        6.85160811835914     
   228.120079970949        944.200000000000        6.85033800811219     
   238.085640122891        943.100000000000        6.84917232154984     
   249.874048524457        941.800000000000        6.84779293780945     
   260.766348198843        940.600000000000        6.84651796951095     
   272.577953232372        939.300000000000        6.84513491700047     
   284.405916958218        938.000000000000        6.84374994900622     
   296.242104939735        936.700000000000        6.84236306021509     
   309.002742664517        935.300000000000        6.84086733344051     
   322.691334200986        933.800000000000        6.83926228253684     
   335.482781813995        932.400000000000        6.83776190716160     
   348.289019010893        931.000000000000        6.83625927727707     
   362.943247133880        929.400000000000        6.83453921665088     
   379.448004321471        927.600000000000        6.83260060538138     
   395.973363901007        925.800000000000        6.83065822859717     
   409.764278409405        924.300000000000        6.82903669427073     
   423.572802037462        922.800000000000        6.82741252629960     
   437.398992078556        921.300000000000        6.82578571611489     
   451.238100860032        919.800000000000        6.82415625510582     
   463.246092704186        918.500000000000        6.82274190465518     
   475.266915311539        917.200000000000        6.82132555098375     
   488.226980525750        915.800000000000        6.81979800022300     
   502.125100018978        914.300000000000        6.81815874517038     
   514.184397711289        913.000000000000        6.81673588059497     
   526.256676620902        911.700000000000        6.81531098859086     
   539.272326359742        910.300000000000        6.81377421551124     
   552.298931207352        908.900000000000        6.81223507712472     
   566.273421573997        907.400000000000        6.81058336722986     
   581.199824935618        905.800000000000        6.80881853112211     
   594.272949986986        904.400000000000        6.80727174040381     
   608.297450124497        902.900000000000        6.80561180531343     
   621.403444739102        901.500000000000        6.80406004264337     
   635.463275558596        900.000000000000        6.80239476332431     
   647.663167987398        898.700000000000        6.80094927466433     
   660.816667572312        897.300000000000        6.79939025430401     
   673.040469764536        896.000000000000        6.79794041297493     
   684.339731532196        894.800000000000        6.79660022961597     
   693.764067336103        893.800000000000        6.79548203649935     
   702.252018393257        892.900000000000        6.79447459252317     
   710.748529208327        892.000000000000        6.79346613258001     
   721.144802676149        890.900000000000        6.79223218772660     
   730.603793635678        889.900000000000        6.79110909686282     
   741.964643613184        888.700000000000        6.78975972074443     
   752.388588161319        887.600000000000        6.78852119105844     
   763.774907337819        886.400000000000        6.78716831599302     
   775.172656642531        885.200000000000        6.78581360817689     
   786.581867086429        884.000000000000        6.78445706263764     
   797.998563948316        882.800000000000        6.78309867438258     
   808.473833954533        881.700000000000        6.78185186209298     
   819.908283712184        880.500000000000        6.78048992793626     
   830.399874519074        879.400000000000        6.77923985674671     
   840.900905927204        878.300000000000        6.77798822092307     
   852.367554389254        877.100000000000        6.77662101095734     
   862.888738232799        876.000000000000        6.77536609093639     
   872.461553580466        875.000000000000        6.77422388635761     
   883.959336092839        873.800000000000        6.77285151651734     
   895.472919497348        872.600000000000        6.77147726068951     
   907.959452487954        871.300000000000        6.76998634923724     
   919.493901439939        870.100000000000        6.76860814757198     
   932.003110044199        868.800000000000        6.76711294917967     
   944.526634489950        867.500000000000        6.76561551182101     
   958.029749132541        866.100000000000        6.76400037533700     
   972.516502470394        864.600000000000        6.76226697223353     
   987.023290143728        863.100000000000        6.76053055922561     
   1001.55018184931        861.600000000000        6.75879112584218     
   1015.12665471120        860.200000000000        6.75716492034964     
   1028.72043820795        858.800000000000        6.75553606600463     
   1042.33158882456        857.400000000000        6.75390455416388     
   1054.98595516296        856.100000000000        6.75238719174844     
   1069.60587416196        854.600000000000        6.75063352320992     
   1083.26946782640        853.200000000000        6.74899398659720     
   1097.92874494200        851.700000000000        6.74723435214703     
   1112.60866421798        850.200000000000        6.74547161592469     
   1126.33330869988        848.800000000000        6.74382358729977     
   1140.07574109702        847.400000000000        6.74217283819246     
   1152.85238865539        846.100000000000        6.74063755593045     
   1165.63961317874        844.800000000000        6.73909991295200     
   1178.44198870426        843.500000000000        6.73755990198602     
   1191.25956196934        842.200000000000        6.73601751572783     
   1205.08034092113        840.800000000000        6.73435381956274     
   1218.92415176261        839.400000000000        6.73268735089949     
   1233.79300046158        837.900000000000        6.73089876161924     
   1247.70449087405        836.500000000000        6.72922652042688     
   1262.63022635797        835.000000000000        6.72743172485086     
   1276.57027848302        833.600000000000        6.72575367099910     
   1288.54603834990        832.400000000000        6.72431309451948     
   1302.53959688137        831.000000000000        6.72262979485545     
   1315.55012452210        829.700000000000        6.72106418967024     
   1327.57794890235        828.500000000000        6.71961683686662     
   1340.62776665493        827.200000000000        6.71804650375416     
   1353.69347103225        825.900000000000        6.71647370081667     
   1365.77238829655        824.700000000000        6.71501968383931     
   1377.86459997327        823.500000000000        6.71356354961770     
   1389.97444520694        822.300000000000        6.71210529197685     
   1403.11340252415        821.000000000000        6.71052310945243     
   1415.25583654090        819.800000000000        6.70906040807024     
   1428.42553309574        818.500000000000        6.70747339681119     
   1440.59642845759        817.300000000000        6.70600622452208     
   1451.76879132679        816.200000000000        6.70465942297171     
   1463.96966987145        815.000000000000        6.70318811324086     
   1476.18418088026        813.800000000000        6.70171463556759     
   1489.43219445625        812.500000000000        6.70011591420389     
   1501.67559908083        811.300000000000        6.69863789940102     
   1514.95501053155        810.000000000000        6.69703424766648     
   1528.25101500320        808.700000000000        6.69542802010178     
   1539.51417188126        807.600000000000        6.69406688643868     
   1552.84497000473        806.300000000000        6.69245588169098     
   1565.16502103232        805.100000000000        6.69096649330594     
   1576.47051164948        804.000000000000        6.68959926917897     
   1586.75799097125        803.000000000000        6.68835471394676     
   1597.05828958189        802.000000000000        6.68710860786651     
   1608.39941469394        800.900000000000        6.68573609532964     
   1619.75612703361        799.800000000000        6.68436169641272     
   1632.15866708762        798.600000000000        6.68286019462912     
   1643.53998024604        797.500000000000        6.68148183465900     
   1653.89655956462        796.500000000000        6.68022712935010     
   1666.33718487539        795.300000000000        6.67871940196309     
   1679.83090473341        794.000000000000        6.67708346124714     
   1692.30627013472        792.800000000000        6.67557098301578     
   1704.79606581001        791.600000000000        6.67405621372841     
   1717.30033554264        790.400000000000        6.67253914643366     
   1728.77516456227        789.300000000000        6.67114647671436     
   1741.30692544427        788.100000000000        6.66962498535960     
   1753.85328865976        786.900000000000        6.66810117554094     
   1766.41429877899        785.700000000000        6.66657504018178     
   1778.99000057660        784.500000000000        6.66504657217309     
   1790.53049973307        783.400000000000        6.66364342123173     
   1802.08307102543        782.300000000000        6.66223829869103     
   1814.69988969626        781.100000000000        6.66070318261625     
   1826.27819048577        780.000000000000        6.65929391968364     
   1837.86866941804        778.900000000000        6.65788266792590     
   1850.52696419983        777.700000000000        6.65634084570090     
   1863.20025213345        776.500000000000        6.65479664258874     
   1874.83046950738        775.400000000000        6.65337902523683     
   1886.47301102356        774.300000000000        6.65195939539268     
   1899.18826981494        773.100000000000        6.65040840632643     
   1909.79558812482        772.100000000000        6.64911407531477     
   1921.47951727891        771.000000000000        6.64768837356333     
   1933.18012801138        769.900000000000        6.64626063628400     
   1945.95891154968        768.700000000000        6.64470077635509     
   1956.61930749754        767.700000000000        6.64339903183385     
   1968.35756456118        766.600000000000        6.64196515294645     
   1981.17754086626        765.400000000000        6.64039857299160     
   1992.94261395431        764.300000000000        6.63896038224884     
   2003.64897720255        763.300000000000        6.63765113880442     
   2014.36551006761        762.300000000000        6.63634017899423     
   2026.16568665958        761.200000000000        6.63489613542199     
   2036.90405041718        760.200000000000        6.63358155655515     
   2047.65654918038        759.200000000000        6.63226524729572     
   2059.49639201166        758.100000000000        6.63081530306226     
   2070.27091069083        757.100000000000        6.62949534510926     
   2081.05577240349        756.100000000000        6.62817364256422     
   2092.93131357415        755.000000000000        6.62671774924902     
   2104.81986981247        753.900000000000        6.62525973321766     
   2116.72147912622        752.800000000000        6.62379958827117     
   2127.55622514935        751.800000000000        6.62247033113008     
   2139.48678554739        750.700000000000        6.62100610457896     
   2150.34792984712        749.700000000000        6.61967312650902     
   2161.22357113605        748.700000000000        6.61833836923664     
   2171.02052847212        747.800000000000        6.61713556254301     
   2181.91987475089        746.800000000000        6.61579741166757     
   2191.74532850355        745.900000000000        6.61459154296112     
   2202.68036933156        744.900000000000        6.61324998118223     
   2213.64594610659        743.900000000000        6.61190661719730     
   2224.65404162458        742.900000000000        6.61056144615776     
   2235.69285375580        741.900000000000        6.60921446319548     
   2246.74655503205        740.900000000000        6.60786566342261     
   2257.82713453612        739.900000000000        6.60651504193151     
   2268.93865331209        738.900000000000        6.60516259379460     
   2281.18309911522        737.800000000000        6.60367278516258     
   2291.21126929852        736.900000000000        6.60245219777295     
   2301.24809081129        736.000000000000        6.60123011872888     
   2312.41050960651        735.000000000000        6.59987049921284     
   2323.58812570438        734.000000000000        6.59850902861452     
   2334.78098054267        733.000000000000        6.59714570188665     
   2345.98508981823        732.000000000000        6.59578051396131     
   2356.08188298331        731.100000000000        6.59455024929927     
   2367.31109331019        730.100000000000        6.59318151106204     
   2379.67655598418        729.000000000000        6.59167373200866     
   2392.05623807125        727.900000000000        6.59016367612421     
   2404.45018258054        726.800000000000        6.58865133652202     
   2415.72963342272        725.800000000000        6.58727449477897     
   2428.15051971553        724.700000000000        6.58575777611524     
   2440.58131448027        723.600000000000        6.58423875352114     
   2453.02204786510        722.500000000000        6.58271741998659     
   2465.47275015603        721.400000000000        6.58119376846944     
   2477.93795185047        720.300000000000        6.57966779189532     
   2488.14354720534        719.400000000000        6.57841753126152     
   2497.22263079010        718.600000000000        6.57730487467942     
   2507.44868904341        717.700000000000        6.57605165443603     
   2517.68757887906        716.800000000000        6.57479686166072     
   2527.93562753271        715.900000000000        6.57354049240214     
   2539.34159114998        714.900000000000        6.57214267277281     
   2549.62060820453        714.000000000000        6.57088296233958     
   2559.90887062908        713.100000000000        6.56962166303426     
   2571.35137471655        712.100000000000        6.56821835098808     
   2581.65964632461        711.200000000000        6.56695368419969     
   2594.27180913194        710.100000000000        6.56540580518805     
   2606.89895256304        709.000000000000        6.56385552653213     
   2619.54112313832        707.900000000000        6.56230284078014     
   2632.19836759518        706.800000000000        6.56074774044554     
   2644.87073288945        705.700000000000        6.55919021800678     
   2656.40403628705        704.700000000000        6.55777218033298     
   2669.10498102056        703.600000000000        6.55621001286340     
   2681.82118378938        702.500000000000        6.55464540120790     
   2693.39445817312        701.500000000000        6.55322089954252     
   2704.98003540258        700.500000000000        6.55179436577706     
   2716.57795062875        699.500000000000        6.55036579410554     
   2728.19245800831        698.500000000000        6.54893517869702     
   2740.97834090705        697.400000000000        6.54735913424155     
   2752.61515209906        696.400000000000        6.54592420789403     
   2766.60140168753        695.200000000000        6.54419957395118     
   2778.27506473592        694.200000000000        6.54276010342769     
   2787.62951005071        693.400000000000        6.54160703325092     
   2796.99815845334        692.600000000000        6.54045263196832     
   2808.72845849426        691.600000000000        6.53900775380914     
   2820.47573191101        690.600000000000        6.53756078495589     
   2833.41739515882        689.500000000000        6.53596669723336     
   2844.02139572842        688.600000000000        6.53466055090442     
   2855.81988527691        687.600000000000        6.53320727350869     
   2866.45320637490        686.700000000000        6.53189751562663     
   2878.28006688027        685.700000000000        6.53044021429032     
   2888.93512478516        684.800000000000        6.52912682482753     
   2901.97700563159        683.700000000000        6.52751922491975     
   2913.84716622837        682.700000000000        6.52605552442424     
   2925.73040390087        681.700000000000        6.52458967836874     
   2936.44023181450        680.800000000000        6.52326857725916     
   2947.16032615503        679.900000000000        6.52194572853241     
   2959.08385688967        678.900000000000        6.52047384130760     
   2972.22004242696        677.800000000000        6.51885225917295     
   2982.97977966977        676.900000000000        6.51752355151456     
   2993.75383247695        676.000000000000        6.51619307604296     
   3006.94161481722        674.900000000000        6.51456453174936     
   3020.14609869688        673.800000000000        6.51293333097245     
   3032.17327499507        672.800000000000        6.51144810865874     
   3044.21834089062        671.800000000000        6.50996067717819     
   3056.27695674351        670.800000000000        6.50847102994905     
   3067.14905045786        669.900000000000        6.50712844751422     
   3079.25070385062        668.900000000000        6.50563457212436     
   3092.58343589105        667.800000000000        6.50398872750955     
   3104.71875404117        666.800000000000        6.50249015087664     
   3118.08377273422        665.700000000000        6.50083911860666     
   3130.24853497491        664.700000000000        6.49933581104754     
   3143.64604449727        663.600000000000        6.49767955831629     
   3155.84488458620        662.600000000000        6.49617148986580     
   3169.27999080444        661.500000000000        6.49450998355501     
   3181.50866388145        660.500000000000        6.49299712396238     
   3193.75139710019        659.500000000000        6.49148197215737     
   3206.00823313181        658.500000000000        6.48996452118334     
   3219.51226906055        657.400000000000        6.48829266123012     
   3231.80379892096        656.400000000000        6.48677035921594     
   3242.87815106242        655.500000000000        6.48539830320375     
   3253.96771870945        654.600000000000        6.48402436206708     
   3265.06848643185        653.700000000000        6.48264853061868     
   3277.41609669930        652.700000000000        6.48111760564117     
   3289.77811762411        651.700000000000        6.47958433333833     
   3302.15912199629        650.700000000000        6.47804870650094     
   3314.55463271242        649.700000000000        6.47651071788649     
   3326.96923694475        648.700000000000        6.47497036021901     
   3339.39844411553        647.700000000000        6.47342762618887     
   3351.84229935125        646.700000000000        6.47188250845255     
   3364.30084798793        645.700000000000        6.47033499963242     
   3375.52593692175        644.800000000000        6.46894019119242     
   3388.00749394553        643.800000000000        6.46738811886471     
   3398.00670711360        643.000000000000        6.46614472423762     
   3409.26657232222        642.100000000000        6.46474405480000     
   3420.53809466028        641.200000000000        6.46334142073540     
   3433.07597549658        640.200000000000        6.46178062753576     
   3445.63345595902        639.200000000000        6.46021739445206     
   3456.94368697816        638.300000000000        6.45880839226201     
   3469.52932870401        637.300000000000        6.45724050232025     
   3480.87330305193        636.400000000000        6.45582729646363     
   3493.49654930567        635.400000000000        6.45425472183542     
   3504.89118886752        634.500000000000        6.45283728715444     
   3516.30200250966        633.600000000000        6.45141784050022     
   3527.72903621384        632.700000000000        6.44999637615284     
   3540.44015489677        631.700000000000        6.44841459790466     
   3551.89737835534        630.800000000000        6.44698885508888     
   3563.35832872176        629.900000000000        6.44556107662788     
   3576.11193897398        628.900000000000        6.44397226154946     
   3588.88115175759        627.900000000000        6.44238091812006     
   3600.38661338849        627.000000000000        6.44094654063292     
   3611.90860189749        626.100000000000        6.43951010275126     
   3624.72553820527        625.100000000000        6.43791163693777     
   3637.55355196620        624.100000000000        6.43631061194000     
   3649.11635106116        623.200000000000        6.43486749455654     
   3660.68733699839        622.300000000000        6.43342229157517     
   3674.85239912884        621.200000000000        6.43165309127453     
   3689.04256650112        620.100000000000        6.42988075535583     
   3700.67144004653        619.200000000000        6.42842832227552     
   3712.31722831708        618.300000000000        6.42697377656452     
   3725.27689072565        617.300000000000        6.42535512939985     
   3736.95424731287        616.400000000000        6.42389610344596     
   3749.94910111458        615.400000000000        6.42227246288794     
   3761.66253702128        614.500000000000        6.42080892900609     
   3774.68799711477        613.500000000000        6.41918026415097     
   3786.42474805855        612.600000000000        6.41771219439867     
   3798.17441902891        611.700000000000        6.41624196624852     
   3811.24990093064        610.700000000000        6.41460584022909     
   3823.03180507307        609.800000000000        6.41313103455415     
   3836.13354083499        608.800000000000        6.41148980654748     
   3847.94351673662        607.900000000000        6.41001039475468     
   3861.08138078041        606.900000000000        6.40836403284181     
   3874.23604707438        605.900000000000        6.40671495595094     
   3886.08943974928        605.000000000000        6.40522845803084     
   3899.27081725476        604.000000000000        6.40357419793482     
   3915.11730588995        602.800000000000        6.40158546675234     
   3929.66021866253        601.700000000000        6.39975898222631     
   3942.89923357181        600.700000000000        6.39809564185612     
   3956.15047949715        599.700000000000        6.39642953017446     
   3969.42384031889        598.700000000000        6.39476063793131     
   3982.71938997518        597.700000000000        6.39308895583021     
   3996.03720277556        596.700000000000        6.39141447452804     
   4009.37735340352        595.700000000000        6.38973718463464     
   4021.39819160994        594.800000000000        6.38822521458600     
   4034.77106700169        593.800000000000        6.38654256232966     
   4046.82145173112        592.900000000000        6.38502575071332     
   4061.56361126077        591.800000000000        6.38316873996611     
   4076.33319806396        590.700000000000        6.38130827431319     
   4089.78398238575        589.700000000000        6.37961393300646     
   4101.90920532346        588.800000000000        6.37808656741467     
   4112.70275108378        588.000000000000        6.37672694789863     
   4124.86305678720        587.100000000000        6.37519516307014     
   4137.05106629748        586.200000000000        6.37366102827679     
   4149.25780258294        585.300000000000        6.37212453629718     
   4162.83279045352        584.300000000000        6.37041454956039     
   4176.43103112964        583.300000000000        6.36870163375959     
   4190.04754438836        582.300000000000        6.36698577884307     
   4203.68239304365        581.300000000000        6.36526697470731     
   4215.96925776139        580.400000000000        6.36371752101003     
   4228.26603715296        579.500000000000        6.36216566277981     
   4241.95154321348        578.500000000000        6.36043854663373     
   4255.66072662013        577.500000000000        6.35870844239595     
   4268.01930422717        576.600000000000        6.35714878520430     
   4281.76858218153        575.600000000000        6.35541297501321     
   4292.78111354451        574.800000000000        6.35402215420487     
   4305.18392535507        573.900000000000        6.35245516511432     
   4317.60620273478        573.000000000000        6.35088571671474     
   4328.66461848112        572.200000000000        6.34948858061601     
   4341.12383135982        571.300000000000        6.34791446573042     
   4353.60268738749        570.400000000000        6.34633786910009     
   4368.88138735676        569.300000000000        6.34440753595704     
   4382.78638579447        568.300000000000        6.34264944830308     
   4396.71587348622        567.300000000000        6.34088826433252     
   4409.27342275010        566.400000000000        6.33930054237951     
   4423.24446733720        565.400000000000        6.33753344525949     
   4434.43493126966        564.600000000000        6.33611751581939     
   4447.02905764089        563.700000000000        6.33452219508753     
   4459.64330778263        562.800000000000        6.33292432524023     
   4472.27302648228        561.900000000000        6.33132389811815     
   4486.32979391043        560.900000000000        6.32954263651429     
   4497.58905564764        560.100000000000        6.32811533921579     
   4508.85176540791        559.300000000000        6.32668600182754     
   4520.13059642029        558.500000000000        6.32525461850926     
   4532.83385222684        557.600000000000        6.32364185944631     
   4545.54810106410        556.700000000000        6.32202649518946     
   4558.27337850504        555.800000000000        6.32040851730840     
   4569.60204745478        555.000000000000        6.31896811374643     
   4582.36154884318        554.100000000000        6.31734517587330     
   4595.13699797775        553.200000000000        6.31571959979060     
   4607.92844679146        552.300000000000        6.31409137690714     
   4619.30758579590        551.500000000000        6.31264183869356     
   4632.12886366290        550.600000000000        6.31100859270851     
   4644.96629179529        549.700000000000        6.30937267486661     
   4657.81992312065        548.800000000000        6.30773407641168     
   4669.25878027905        548.000000000000        6.30627528694802     
   4682.13777719387        547.100000000000        6.30463160106978     
   4693.60357360581        546.300000000000        6.30316827540167     
   4707.95404931757        545.300000000000        6.30133610193202     
   4719.44906222113        544.500000000000        6.29986794237302     
   4732.39627757996        543.600000000000        6.29821368227699     
   4745.35517356229        542.700000000000        6.29655668106936     
   4756.89224710142        541.900000000000        6.29508148257207     
   4769.89183035529        541.000000000000        6.29341927884648     
   4781.46081999022        540.200000000000        6.29193944135852     
   4793.04695521927        539.400000000000        6.29045741070563     
   4804.64590997440        538.600000000000        6.28897318037750     
   4816.25772236643        537.800000000000        6.28748674383476     
   4827.87804068078        537.000000000000        6.28599809450886     
   4838.06002927552        536.300000000000        6.28469370598888     
   4849.70847092230        535.500000000000        6.28320088988780     
   4861.36991867950        534.700000000000        6.28170584195469     
   4871.58414404180        534.000000000000        6.28039583896020     
   4883.27395197143        533.200000000000        6.27889658830455     
   4893.51693090048        532.500000000000        6.27758289758358     
   4906.69630039018        531.600000000000        6.27589132683909     
   4918.43004124860        530.800000000000        6.27438530245805     
   4930.18148005704        530.000000000000        6.27287700654617     
   4941.94621563175        529.200000000000        6.27136643224080     
   4953.73321098727        528.400000000000        6.26985357264817     
   4967.01492997011        527.500000000000        6.26814886535022     
   4978.83994067775        526.700000000000        6.26663112648934     
   4990.68292594090        525.900000000000        6.26511108059530     
   5001.05639842748        525.200000000000        6.26377914242864     
   5014.41405341636        524.300000000000        6.26206403957849     
   5026.30228547733        523.500000000000        6.26053703031059     
   5039.69320659816        522.600000000000        6.25881635308651     
   5051.60658696173        521.800000000000        6.25728437270263     
   5063.53824638992        521.000000000000        6.25575004175337     
   5073.98952275015        520.300000000000        6.25440556829626     
   5085.95106928262        519.500000000000        6.25286681053928     
   5097.92650534234        518.700000000000        6.25132568135736     
   5109.92042557889        517.900000000000        6.24978217342985     
   5121.92832833246        517.100000000000        6.24823627940218     
   5133.94569103368        516.300000000000        6.24668799188560     
   5145.98168891645        515.500000000000        6.24513730345701     
   5158.03179981548        514.700000000000        6.24358420665871     
   5170.09606763673        513.900000000000        6.24202869399818     
   5182.17453649133        513.100000000000        6.24047075794792     
   5194.27185218635        512.300000000000        6.23891039094516     
   5206.38807362967        511.500000000000        6.23734758539168     
   5220.03110721402        510.600000000000        6.23558650480738     
   5232.17382811946        509.800000000000        6.23401849194201     
   5245.85197507169        508.900000000000        6.23225153359479     
   5259.54911356817        508.000000000000        6.23048144757848     
   5271.73544034407        507.200000000000        6.22890540312302     
   5283.94100362632        506.400000000000        6.22732687082997     
   5297.69008520314        505.500000000000        6.22554803846053     
   5311.45841258105        504.600000000000        6.22376603620696     
   5326.77953418530        503.600000000000        6.22178230217019     
   5340.58402886377        502.700000000000        6.21999357069853     
   5354.41326031717        501.800000000000        6.21820163393232     
   5366.72674965364        501.000000000000        6.21660610108486     
   5380.59764649889        500.100000000000        6.21480807842486     
   5392.94358443375        499.300000000000        6.21320711750656     
   5405.30459065228        498.500000000000        6.21160358940189     
   5417.67597719147        497.700000000000        6.20999748586451     
   5431.61757817601        496.800000000000        6.20818753061927     
   5445.58445858211        495.900000000000        6.20637429349509     
   5459.57135334037        495.000000000000        6.20455776256869     
   5473.57833529650        494.100000000000        6.20273792585170     
   5487.61085413860        493.200000000000        6.20091477129019     
   5500.10093142003        492.400000000000        6.19929139431030     
   5514.16575646660        491.500000000000        6.19746193958722     
   5528.25635962648        490.600000000000        6.19562913182439     
   5540.79824565953        489.800000000000        6.19399714451807     
   5553.35581278209        489.000000000000        6.19236248947487     
   5564.36054864836        488.300000000000        6.19092997106761     
   5575.38107161394        487.600000000000        6.18949539760712     
   5584.83620320559        487.000000000000        6.18826412308259     
   5597.45148433772        486.200000000000        6.18662006188202     
   5608.50689511065        485.500000000000        6.18517928773138     
   5621.16118453323        484.700000000000        6.18353014285133     
   5633.83150585321        483.900000000000        6.18187827379927     
   5644.92669449350        483.200000000000        6.18043064662061     
   5657.62660801464        482.400000000000        6.17877364541298     
   5670.34760023043        481.600000000000        6.17711389399461     
   5684.67296626151        480.700000000000        6.17524337489991     
   5699.02517837155        479.800000000000        6.17336935040559     
   5711.80531996679        479.000000000000        6.17170059741091     
   5726.19742466366        478.100000000000        6.16981991563206     
   5738.99835403904        477.300000000000        6.16814522401185     
   5751.82075698015        476.500000000000        6.16646772309426     
   5761.45912688231        475.900000000000        6.16520774812706     
   5772.72360238291        475.200000000000        6.16373576804844     
   5785.61265531019        474.400000000000        6.16205084768352     
   5798.52346191330        473.600000000000        6.16036308356980     
   5811.44612455619        472.800000000000        6.15867246609189     
   5824.39067147113        472.000000000000        6.15697898558556     
   5835.73078422766        471.300000000000        6.15549483392969     
   5847.08336920684        470.600000000000        6.15400847629326     
   5858.44846354021        469.900000000000        6.15251990610877     
   5869.82170821899        469.200000000000        6.15102911677932     
   5881.21193332066        468.500000000000        6.14953610167848     
   5894.25019019843        467.700000000000        6.14782706473184     
   5905.67255620516        467.000000000000        6.14632925766890     
   5917.11205637283        466.300000000000        6.14482920381428     
   5926.92722216236        465.700000000000        6.14354164998833     
   5936.75884366137        465.100000000000        6.14225243623005     
   5946.59934981008        464.500000000000        6.14096155825389     
   5956.45257526875        463.900000000000        6.13966901175770     
   5967.96412411477        463.200000000000        6.13815892625879     
   5981.13640262298        462.400000000000        6.13643031735817     
   5992.68085491580        461.700000000000        6.13491532951294     
   6005.88573704531        460.900000000000        6.13318109972646     
   6017.45882489798        460.200000000000        6.13166117760127     
   6030.70165426448        459.400000000000        6.12992129025500     
   6043.96242498144        458.600000000000        6.12817837042380     
   6057.24119969873        457.800000000000        6.12643240751847     
   6068.87917708101        457.100000000000        6.12490218533770     
   6078.86103381515        456.500000000000        6.12358870003502     
   6088.85601881330        455.900000000000        6.12227348721940     
   6098.86416665384        455.300000000000        6.12095654234074     
   6108.88162328776        454.700000000000        6.11963786083096     
   6122.25881242396        453.900000000000        6.11787690946242     
   6135.65439751977        453.100000000000        6.11611285167309     
   6147.39039161178        452.400000000000        6.11456674424197     
   6159.14455890557        451.700000000000        6.11301824266056     
   6170.90780860937        451.000000000000        6.11146733950268     
   6184.37389891133        450.200000000000        6.10969192847263     
   6196.17178369100        449.500000000000        6.10813585391167     
   6207.98805546688        448.800000000000        6.10657735420849     
   6219.81816848385        448.100000000000        6.10501642179210     
   6231.66677637321        447.400000000000        6.10345304905603     
   6241.83353337251        446.800000000000        6.10211106719505     
   6250.30966198623        446.300000000000        6.10099137163522     
   6260.49355947266        445.700000000000        6.09964607995251     
   6270.69117572534        445.100000000000        6.09829897602181     
   6280.90254775535        444.500000000000        6.09695005495396     
   6291.12372941052        443.900000000000        6.09559931183999     
   6301.35873592816        443.300000000000        6.09424674175101     
   6313.32175957742        442.600000000000        6.09266642761695     
   6325.30371848174        441.900000000000        6.09108361213669     
   6333.87054910031        441.400000000000        6.08995149382264     
   6340.73100375613        441.000000000000        6.08904487544685     
   6351.02934617389        440.400000000000        6.08768340484852     
   6363.05713498974        439.700000000000        6.08609267618676     
   6375.09469023514        439.000000000000        6.08449941307517     
   6385.42788225781        438.400000000000        6.08313173563381     
   6397.50116132885        437.700000000000        6.08153374419685     
   6411.31746425627        436.900000000000        6.07970433595739     
   6421.69225254052        436.300000000000        6.07833008012956     
   6433.80948396624        435.600000000000        6.07672439105881     
   6442.47319092513        435.100000000000        6.07557588972663     
   6451.14346880206        434.600000000000        6.07442606782233     
   6463.29862935174        433.900000000000        6.07281409280430     
   6473.72887615529        433.300000000000        6.07143032874586     
   6485.91099856515        432.600000000000        6.06981351351896     
   6499.85212532306        431.800000000000        6.06796251808071     
   6512.06703162970        431.100000000000        6.06634008175309     
   6522.54864133986        430.500000000000        6.06494732386779     
   6534.79086557479        429.800000000000        6.06331998420841     
   6547.04823772283        429.100000000000        6.06168999199748     
   6559.32080724657        428.400000000000        6.06005733857359     
   6569.85199134434        427.800000000000        6.05865579664831     
   6580.39795605137        427.200000000000        6.05725228764599     
   6589.19412758694        426.700000000000        6.05608119019395     
   6599.75899892093        426.100000000000        6.05467406050587     
   6612.10349998090        425.400000000000        6.05302990276614     
   6622.69651750405        424.800000000000        6.05161846992773     
   6635.06910026982        424.100000000000        6.04996927648055     
   6647.45725004979        423.400000000000        6.04831735870077     
   6661.63466088014        422.600000000000        6.04642610518196     
   6674.05215196892        421.900000000000        6.04476831913029     
   6684.70792858839        421.300000000000        6.04334516898497     
   6695.37468876665        420.700000000000        6.04191999059648     
   6706.05246385544        420.100000000000        6.04049277817534     
   6716.74550017589        419.500000000000        6.03906352590726     
   6731.01543693525        418.700000000000        6.03715467302510     
   6745.30702505913        417.900000000000        6.03524216945387     
   6759.62034752283        417.100000000000        6.03332600120290     
   6772.16209035869        416.400000000000        6.03164633674081     
   6784.72493455252        415.700000000000        6.02996384625859     
   6800.90828088144        414.800000000000        6.02779647635537     
   6815.31729092328        414.000000000000        6.02586597382531     
   6829.74846736842        413.200000000000        6.02393173724548     
   6840.58591359162        412.600000000000        6.02247860063715     
   6853.24452895645        411.900000000000        6.02078060144204     
   6865.91464343294        411.200000000000        6.01907971414095     
   6878.60132063173        410.500000000000        6.01737592889248     
   6893.12114378693        409.700000000000        6.01542518455283     
   6904.02530895360        409.100000000000        6.01395962493535     
   6914.94115002874        408.500000000000        6.01249191430006     
   6925.87303594623        407.900000000000        6.01102204632351     
   6936.81667295259        407.300000000000        6.00955001465437     
   6951.42749315764        406.500000000000        6.00758392898787     
   6964.23048617274        405.800000000000        6.00586042739171     
   6973.38901095052        405.300000000000        6.00462753363426     
   6982.55884115328        404.800000000000        6.00339311797326     
   6993.57759929507        404.200000000000        6.00190980496952     
   7004.61272598077        403.600000000000        6.00042428847945     
   7017.50267347589        402.900000000000        5.99868839219730     
   7030.41503548659        402.200000000000        5.99694947733855     
   7043.34989010251        401.500000000000        5.99520753338682     
   7056.30731582208        400.800000000000        5.99346254977065     
   7069.28223664049        400.100000000000        5.99171451586319     
   7080.41725291161        399.500000000000        5.99021376520633     
   7093.42408861344        398.800000000000        5.98846003808768     
   7108.31110578128        398.000000000000        5.98645200528444     
   7121.35662294219        397.300000000000        5.98469166282055     
   7134.42514517178        396.600000000000        5.98292821608570     
   7147.51675374979        395.900000000000        5.98116165411208     
   7162.50099969774        395.100000000000        5.97913889741734     
   7175.63712538074        394.400000000000        5.97736562272848     
   7188.79134775781        393.700000000000        5.97558919794969     
   7205.73157603068        392.800000000000        5.97330057648031     
   7220.81616247698        392.000000000000        5.97126183979046     
   7234.03518065818        391.300000000000        5.96947452921637     
   7247.27258744931        390.600000000000        5.96768401844258     
   7258.63783217313        390.000000000000        5.96614673912369     
   7271.91940328821        389.300000000000        5.96435025461641     
   7285.22487747510        388.600000000000        5.96255053694334     
   7300.45443484411        387.800000000000        5.96048974280855     
   7313.80076498643        387.100000000000        5.95868305758360     
   7327.16591386289        386.400000000000        5.95687310233836     
   7340.54994971911        385.700000000000        5.95505986521418     
   7353.95294117265        385.000000000000        5.95324333428778     
   7367.37495721566        384.300000000000        5.95142349757080     
   7382.73822647558        383.500000000000        5.94933962080731     
   7394.27710934078        382.900000000000        5.94777385848325     
   7407.75661689253        382.200000000000        5.94594403180617     
   7421.25542880362        381.500000000000        5.94411085072451     
   7434.76820004041        380.800000000000        5.94227430291721     
   7448.30040787647        380.100000000000        5.94043437599520     
   7461.84668806048        379.400000000000        5.93859105750091     
   7475.41253851347        378.700000000000        5.93674433490775     
   7485.11779418832        378.200000000000        5.93542315622436     
   7496.77636900826        377.600000000000        5.93383543427135     
   7508.44410462717        377.000000000000        5.93224518744801     
   7522.07447359441        376.300000000000        5.93038669759939     
   7533.77313815178        375.700000000000        5.92879095257992     
   7545.48578728831        375.100000000000        5.92719265708784     
   7561.12553143254        374.300000000000        5.92505761491038     
   7574.82671352410        373.600000000000        5.92318570635469     
   7586.58629277663        373.000000000000        5.92157841964382     
   7598.36005598363        372.400000000000        5.91996854540291     
   7612.11456259864        371.700000000000        5.91808707730321     
   7625.88387891685        371.000000000000        5.91620206260743     
   7639.67363024316        370.300000000000        5.91431348791957     
   7651.50939945571        369.700000000000        5.91269186594259     
   7663.35960308572        369.100000000000        5.91106761003595     
   7675.22428809983        368.500000000000        5.90944071162939     
   7689.08525288700        367.800000000000        5.90753931217022     
   7704.95227178653        367.000000000000        5.90536184805457     
   7718.85305272032        366.300000000000        5.90345266978477     
   7734.75932768390        365.500000000000        5.90126627918983     
   7746.70705528291        364.900000000000        5.89962334344240     
   7760.66526180240        364.200000000000        5.89770316729351     
   7774.64464864039        363.500000000000        5.89577929697357     
   7790.64109615082        362.700000000000        5.89357604628886     
   7806.66635396868        361.900000000000        5.89136793056970     
   7818.70367087364        361.300000000000        5.88970863815359     
   7832.76105884139        360.600000000000        5.88776931076922     
   7846.84003150284        359.900000000000        5.88582621508499     
   7858.92461504553        359.300000000000        5.88415769411947     
   7871.01953835058        358.700000000000        5.88248638453824     
   7883.12977294542        358.100000000000        5.88081227700439     
   7895.26031536798        357.500000000000        5.87913536213406     
   7905.38053624754        357.000000000000        5.87773578177964     
   7915.51080792087        356.500000000000        5.87633423985435     
   7927.68093682494        355.900000000000        5.87464979251615     
   7941.89376576663        355.200000000000        5.87268101111801     
   7958.16468554291        354.400000000000        5.87042621873093     
   7976.49843173739        353.500000000000        5.86788348533663     
   7992.82096247121        352.700000000000        5.86561783724201     
   8007.13357748994        352.000000000000        5.86363117559810     
   8019.41414452475        351.400000000000        5.86192517575300     
   8033.76212072423        350.700000000000        5.85993115714613     
   8048.13287214181        350.000000000000        5.85793315448346     
   8058.41108816035        349.500000000000        5.85650356167386     
   8068.69979700135        349.000000000000        5.85507192220243     
   8076.93800129710        348.600000000000        5.85392513308592     
   8087.24482656819        348.100000000000        5.85248979481739     
   8097.56222801541        347.600000000000        5.85105239339124     
   8112.02560323530        346.900000000000        5.84903655397570     
   8126.51223650448        346.200000000000        5.84701664274211     
   8138.94756911198        345.600000000000        5.84528203692990     
   8153.47081285539        344.900000000000        5.84325451994280     
   8165.93765378915        344.300000000000        5.84151337034448     
   8180.50378645687        343.600000000000        5.83947819011010     
   8195.09361033273        342.900000000000        5.83743885946887     
   8209.70722224257        342.200000000000        5.83539536145809     
   8222.24663858410        341.600000000000        5.83364046191442     
   8236.89777383009        340.900000000000        5.83158917914386     
   8249.46946579723        340.300000000000        5.82982758150686     
   8264.16448368617        339.600000000000        5.82776845443719     
   8276.77391341964        339.000000000000        5.82600010738045     
   8291.50705523072        338.300000000000        5.82393307578666     
   8306.25849746470        337.600000000000        5.82186176272180     
   8318.92171109555        337.000000000000        5.82008293035236     
   8335.82709110047        336.200000000000        5.81770622097452     
   8350.64618522070        335.500000000000        5.81562195641174     
   8363.36761841522        334.900000000000        5.81383197980016     
   8380.35091938726        334.100000000000        5.81144034936271     
   8395.23851674330        333.400000000000        5.80934297031669     
   8410.14500839991        332.700000000000        5.80724118302443     
   8425.07668512793        332.000000000000        5.80513496891649     
   8440.03365324155        331.300000000000        5.80302430930585     
   8457.15181549527        330.500000000000        5.80060665929174     
   8472.15172866258        329.800000000000        5.79848641012550     
   8487.17724709183        329.100000000000        5.79636165594929     
   8500.07634188025        328.500000000000        5.79453683792467     
   8512.99362700735        327.900000000000        5.79270868385060     
   8525.92376804298        327.300000000000        5.79087718150713     
   8541.03260920567        326.600000000000        5.78873618053636     
   8556.16754049293        325.900000000000        5.78659058584352     
   8571.32233318567        325.200000000000        5.78444037767366     
   8588.67482606198        324.400000000000        5.78197732224126     
   8603.88065819930        323.700000000000        5.77981716093220     
   8616.93495350389        323.100000000000        5.77796187283045     
   8632.18284520669        322.400000000000        5.77579301063247     
   8647.45105969427        321.700000000000        5.77361943424498     
   8660.55906269024        321.100000000000        5.77175260109547     
   8678.06719188755        320.300000000000        5.76925805661511     
   8693.40981208767        319.600000000000        5.76707021389212     
   8706.58185910308        319.000000000000        5.76519110278484     
   8721.98059454120        318.300000000000        5.76299433428805     
   8735.19536132290        317.700000000000        5.76110754127547     
   8748.42395949914        317.100000000000        5.75921718154430     
   8763.87596055143        316.400000000000        5.75700723589350     
   8777.14217028877        315.800000000000        5.75510910182154     
   8790.42800074917        315.200000000000        5.75320735798372     
   8803.73352670196        314.600000000000        5.75130199062418     
   8819.27561072724        313.900000000000        5.74907446384791     
   8832.61936697523        313.300000000000        5.74716119795815     
   8841.52564307797        312.900000000000        5.74588365067484     
   8852.66979570853        312.400000000000        5.74428441796553     
   8863.82707531825        311.900000000000        5.74268262361376     
   8877.22808629633        311.300000000000        5.74075707744756     
   8888.41060152177        310.800000000000        5.73914961849349     
   8897.36957476292        310.400000000000        5.73786178830906     
   8904.09353325659        310.100000000000        5.73689482610640     
   8915.30983915086        309.600000000000        5.73528114171557     
   8928.78761952554        309.000000000000        5.73334127689775     
   8942.28586404179        308.400000000000        5.73139764168917     
   8953.54490808615        307.900000000000        5.72977505493045     
   8964.81745784238        307.400000000000        5.72814983110450     
   8980.62314297454        306.700000000000        5.72587007112021     
   8994.19383861280        306.100000000000        5.72391184595137     
   9010.05322388993        305.400000000000        5.72162239278453     
   9023.67014413942        304.800000000000        5.71965582381249     
   9039.57690778357        304.100000000000        5.71735659468332     
   9053.23462406059        303.500000000000        5.71538161049955     
   9066.90769605768        302.900000000000        5.71340271803319     
   9082.88706161301        302.200000000000        5.71108904983864     
   9098.88980627895        301.500000000000        5.70877001616724     
   9112.63017108186        300.900000000000        5.70677798363600     
   9128.68839735392        300.200000000000        5.70444891919936     
   9142.48242366573        299.600000000000        5.70244825164306     
   9156.29819079969        299.000000000000        5.70044357339069     
   9172.43784273019        298.300000000000        5.69809969152070     
   9188.60155636569        297.600000000000        5.69575030295894     
   9202.47455595153        297.000000000000        5.69373213880270     
   9216.36964657893        296.400000000000        5.69170989342193     
   9230.29289341834        295.800000000000        5.68968355027670     
   9241.91719102492        295.300000000000        5.68799178874988     
   9255.88035920698        294.700000000000        5.68595788974365     
   9272.19968233812        294.000000000000        5.68357976733868     
   9288.55087756365        293.300000000000        5.68119597598340     
   9302.59124087610        292.700000000000        5.67914819369784     
   9319.00102335131        292.000000000000        5.67675380226828     
   9333.08576208077        291.400000000000        5.67469689376110     
   9347.19345325103        290.800000000000        5.67263574565936     
   9361.33028250977        290.200000000000        5.67057034045009     
   9370.76701701998        289.800000000000        5.66919102988658     
   9380.22085887004        289.400000000000        5.66780981419738     
   9394.42614735037        288.800000000000        5.66573440701867     
   9408.65484583197        288.200000000000        5.66365468356542     
   9418.15301741582        287.800000000000        5.66226579445327     
   9427.66029775078        287.400000000000        5.66087497364492     
   9439.55788713141        286.900000000000        5.65913372298732     
   9451.46594159196        286.400000000000        5.65738943508649     
   9468.16496990830        285.700000000000        5.65494230923673     
   9480.11275351868        285.200000000000        5.65319068854014     
   9494.47156155720        284.600000000000        5.65108468565575     
   9506.45519388373        284.100000000000        5.64932628886014     
   9520.85718695891        283.500000000000        5.64721212316781     
   9535.27719705529        282.900000000000        5.64509347830752     
   9547.31725501653        282.400000000000        5.64332450561909     
   9559.37342334181        281.900000000000        5.64155239812007     
   9573.85651530251        281.300000000000        5.63942171549581     
   9588.36423526127        280.700000000000        5.63728648336784     
   9602.89668861609        280.100000000000        5.63514668226606     
   9617.45398144301        279.500000000000        5.63300229259515     
   9636.90393316999        278.700000000000        5.63013593448790     
   9653.95366467628        278.000000000000        5.62762111369064     
   9668.59555514113        277.400000000000        5.62546050788073     
   9683.26914944675        276.800000000000        5.62329522374351     
   9697.96178672214        276.200000000000        5.62112524097519     
   9712.67996294152        275.600000000000        5.61895053913950     
   9727.42378942610        275.000000000000        5.61677109766657     
   9739.72954024043        274.500000000000        5.61495126094959     
   9752.05234989027        274.000000000000        5.61312810638807     
   9766.86297198762        273.400000000000        5.61093592428985     
   9781.69965408327        272.800000000000        5.60873892596931     
   9794.08309593676        272.300000000000        5.60690439967971     
   9808.96676911647        271.700000000000        5.60469851643230     
   9823.87682702789        271.100000000000        5.60248775650462     
   9841.30603127910        270.400000000000        5.59990234416881     
   9851.28148388635        270.000000000000        5.59842195899838     
   9866.26584263310        269.400000000000        5.59619726397626     
   9881.27046091091        268.800000000000        5.59396760864899     
   9896.29542926516        268.200000000000        5.59173297084758     
   9906.32636114425        267.800000000000        5.59024043325707     
   9916.37228694244        267.400000000000        5.58874566466784     
   9928.95084647640        266.900000000000        5.58687405641048     
   9944.06298391058        266.300000000000        5.58462349281989     
   9959.19590520574        265.700000000000        5.58236785276577     
   9974.35637120722        265.100000000000        5.58010711329498     
   9987.01076139371        264.600000000000        5.57821925168086     
   9999.68350870268        264.100000000000        5.57632781930309     
   10012.3746827082        263.600000000000        5.57443280262835     
   10025.0787544068        263.100000000000        5.57253418804625     
   10037.8069921158        262.600000000000        5.57063196186870     
   10053.1061585301        262.000000000000        5.56834450376110     
   10065.8709868492        261.500000000000        5.56643428350498     
   10078.6602454618        261.000000000000        5.56452040732269     
   10094.0397336667        260.400000000000        5.56221891033441     
   10106.8830694827        259.900000000000        5.56029694164744     
   10119.7568160734        259.400000000000        5.55837127188234     
   10135.2312760311        258.800000000000        5.55605556262675     
   10150.7348086705        258.200000000000        5.55373447841254     
   10163.6762501630        257.700000000000        5.55179611765832     
   10176.6313709766        257.200000000000        5.54985399236346     
   10192.2107988635        256.600000000000        5.54751845218154     
   10205.2157583473        256.100000000000        5.54556799320548     
   10218.2403699319        255.600000000000        5.54361372250338     
   10231.2847105787        255.100000000000        5.54165562514777     
   10244.3546434182        254.600000000000        5.53969368612331     
   10257.4386748891        254.100000000000        5.53772789032612     
   10270.5426690386        253.600000000000        5.53575822256307     
   10283.6725246330        253.100000000000        5.53378466755108     
   10302.0979587806        252.400000000000        5.53101513066706     
   10317.9248898004        251.800000000000        5.52863512161025     
   10331.1486978499        251.300000000000        5.52664744454955     
   10339.0956194064        251.000000000000        5.52545293913178     
   10349.7063017504        250.600000000000        5.52385804246197     
   10360.3292232363        250.200000000000        5.52226059803281     
   10373.6376805872        249.700000000000        5.52026019728573     
   10384.2989212287        249.300000000000        5.51865699052951     
   10397.6495513234        248.800000000000        5.51664936086502     
   10408.3541335112        248.400000000000        5.51504035005932     
   10421.7650680452        247.900000000000        5.51302543904114     
   10435.1971250403        247.400000000000        5.51100645995839     
   10448.6563559319        246.900000000000        5.50898339635113     
   10459.4481626757        246.500000000000        5.50736199348274     
   10470.2574956992        246.100000000000        5.50573795739701     
   10481.0892090604        245.700000000000        5.50411127952713     
   10494.6596811897        245.200000000000        5.50207420406206     
   10505.5359991788        244.800000000000        5.50044155063817     
   10516.4301034606        244.400000000000        5.49880622729744     
   10527.3468827363        244.000000000000        5.49716822529320     
   10541.0240985873        243.500000000000        5.49511694252264     
   10554.7233663116        243.000000000000        5.49306144334055     
   10565.7030924200        242.600000000000        5.49141399650995     
   10576.6960705855        242.200000000000        5.48976383111899     
   10587.7023446166        241.800000000000        5.48811093818069     
   10598.7219585391        241.400000000000        5.48645530866343     
   10609.7549565983        241.000000000000        5.48479693349065     
   10623.5597330690        240.500000000000        5.48272008954582     
   10634.6193267288        240.100000000000        5.48105550322721     
   10642.9261209248        239.800000000000        5.47980524259341     
   10651.2396221702        239.500000000000        5.47855341685097     
   10659.5635435133        239.200000000000        5.47730002207648     
   10667.8942102341        238.900000000000        5.47604505433176     
   10676.2316392844        238.600000000000        5.47478850966382     
   10687.3595838699        238.200000000000        5.47311065692120     
   10698.5012746151        237.800000000000        5.47142998425668     
   10706.8661267261        237.500000000000        5.47016762347470     
   10718.0307420389        237.100000000000        5.46848199307136     
   10729.2191878201        236.700000000000        5.46679351651994     
   10737.6266779829        236.400000000000        5.46552528553194     
   10748.8632638466        236.000000000000        5.46383180502561     
   10762.9358066939        235.500000000000        5.46171091345647     
   10777.0445270595        235.000000000000        5.45958551414416     
   10794.0222055722        234.400000000000        5.45702905770286     
   10805.3698586740        234.000000000000        5.45532111535770     
   10816.7318807640        233.600000000000        5.45361025095407     
   10828.1184289921        233.200000000000        5.45189645447634     
   10842.3791091618        232.700000000000        5.44975007030825     
   10856.6704640577        232.200000000000        5.44759906926379     
   10870.9926259269        231.700000000000        5.44544343143833     
   10885.3457278735        231.200000000000        5.44328313679822     
   10899.7299038663        230.700000000000        5.44111816517971     
   10914.1452887461        230.200000000000        5.43894849628778     
   10922.8057128864        229.900000000000        5.43764443176914     
   10934.3705398983        229.500000000000        5.43590302950060     
   10945.9555410523        229.100000000000        5.43415858945945     
   10957.5659401630        228.700000000000        5.43241110102874     
   10966.2832036654        228.400000000000        5.43109847778186     
   10977.9188792693        228.000000000000        5.42934562895444     
   10989.5749862615        227.600000000000        5.42758970225218     
   11001.2515965201        227.200000000000        5.42583068684700     
   11015.8763000496        226.700000000000        5.42362755751348     
   11030.5332948211        226.200000000000        5.42141956368202     
   11045.2227237479        225.700000000000        5.41920668382349     
   11056.9924868565        225.300000000000        5.41743284743820     
   11071.7275567809        224.800000000000        5.41521111801954     
   11089.4450783669        224.200000000000        5.41253851063806     
   11101.2831247837        223.800000000000        5.41075279587782     
   11110.1755540170        223.500000000000        5.40941141405362     
   11119.0759663930        223.200000000000        5.40806823050716     
   11130.9618085704        222.800000000000        5.40627450805313     
   11142.8637098001        222.400000000000        5.40447756237643     
   11154.7817279006        222.000000000000        5.40267738187228     
   11169.7028329182        221.500000000000        5.40042258948519     
   11181.6586595711        221.100000000000        5.39861508786340     
   11196.6272176789        220.600000000000        5.39635110681940     
   11208.6265137156        220.200000000000        5.39453622428858     
   11220.6476266542        219.800000000000        5.39271804196952     
   11229.6778275869        219.500000000000        5.39135223251523     
   11241.7373116110        219.100000000000        5.38952824660142     
   11253.8134434277        218.700000000000        5.38770092768272     
   11268.9397037543        218.200000000000        5.38541207339897     
   11281.0602801894        217.800000000000        5.38357721049886     
   11293.1977161777        217.400000000000        5.38173897468711     
   11308.3941614875        216.900000000000        5.37943641783283     
   11323.6120664933        216.400000000000        5.37712854697233     
   11338.8583520808        215.900000000000        5.37481533752076     
   11351.0808263682        215.500000000000        5.37296090954380     
   11366.3840093646        215.000000000000        5.37063802812766     
   11381.7090904377        214.500000000000        5.36830973836807     
   11393.9948997160        214.100000000000        5.36644319559564     
   11403.2201953570        213.800000000000        5.36504099859094     
   11415.5407446854        213.400000000000        5.36316833886765     
   11424.7963226568        213.100000000000        5.36176153910457     
   11437.1518404808        212.700000000000        5.35988272220619     
   11449.5250647297        212.300000000000        5.35800036870921     
   11461.9216236779        211.900000000000        5.35611446527425     
   11474.3360335083        211.500000000000        5.35422499848633     
   11486.7683618059        211.100000000000        5.35233195485428     
   11496.1080784542        210.800000000000        5.35090981666721     
   11508.5761286796        210.400000000000        5.34901048086356     
   11521.0679049758        210.000000000000        5.34710753071747     
   11530.4523630797        209.700000000000        5.34567793790787     
   11542.9858780080        209.300000000000        5.34376862945195     
   11555.5377277720        208.900000000000        5.34185566856252     
   11571.2613785367        208.400000000000        5.33945930987921     
   11580.7094416598        208.100000000000        5.33801873339959     
   11593.3223930885        207.700000000000        5.33609473088207     
   11605.9539738606        207.300000000000        5.33416701944173     
   11618.6099516984        206.900000000000        5.33223558475150     
   11628.1137246793        206.600000000000        5.33078455668554     
   11640.8011947693        206.200000000000        5.32884657158286     
   11650.3243735231        205.900000000000        5.32739061403374     
   11663.0435502025        205.500000000000        5.32544603393629     
   11675.7817628238        205.100000000000        5.32349766507834     
   11685.3474207623        204.800000000000        5.32203389316535     
   11698.1176840444        204.400000000000        5.32007885832955     
   11707.7117937170        204.100000000000        5.31861006981580     
   11720.5143277233        203.700000000000        5.31664832323276     
   11733.3478229356        203.300000000000        5.31468272063430     
   11746.2065933723        202.900000000000        5.31271324683177     
   11762.3230248275        202.400000000000        5.31024593741331     
   11775.2448639349        202.000000000000        5.30826769740121     
   11788.1923162021        201.600000000000        5.30628553619721     
   11801.1713403299        201.200000000000        5.30429943822558     
   11814.1703247454        200.800000000000        5.30230938781757     
   11827.1952293691        200.400000000000        5.30031536921071     
   11840.2461577782        200.000000000000        5.29831736654804     
   11850.0514962853        199.700000000000        5.29681624042177     
   11866.4265017222        199.200000000000        5.29430934515050     
   11879.5620567942        198.800000000000        5.29229929422247     
   11892.7300077063        198.400000000000        5.29028519485077     
   11905.9245336959        198.000000000000        5.28826703069454     
   11919.1457422457        197.600000000000        5.28624478531377     
   11929.0747450033        197.300000000000        5.28472541302857     
   11945.6566750930        196.800000000000        5.28218798461815     
   11958.9525828210        196.400000000000        5.28015339592037     
   11972.2695852038        196.000000000000        5.27811465923052     
   11988.9465729158        195.500000000000        5.27556037942542     
   12002.3189040766        195.100000000000        5.27351224762907     
   12019.0653544480        194.600000000000        5.27094616975190     
   12032.4813909720        194.200000000000        5.26888855585722     
   12042.5570077271        193.900000000000        5.26734256224861     
   12052.6436592754        193.600000000000        5.26579417484248     
   12062.7459530850        193.300000000000        5.26424338621429     
   12076.2339837676        192.900000000000        5.26217191991168     
   12086.3637858416        192.600000000000        5.26061549936403     
   12096.5047817153        192.300000000000        5.25905665259473     
   12106.6570063421        192.000000000000        5.25749537202778     
   12116.8251062223        191.700000000000        5.25593165005160     
   12123.6126843783        191.500000000000        5.25488780862070     
   12133.8027302010        191.200000000000        5.25332000061730     
   12144.0087771425        190.900000000000        5.25174973073170     
   12154.2308755340        190.600000000000        5.25017699122010     
   12161.0545510132        190.400000000000        5.24912712235727     
   12171.3035143150        190.100000000000        5.24755024949438     
   12181.5686644502        189.800000000000        5.24597088617583     
   12188.4211166314        189.600000000000        5.24491658982092     
   12198.7086889424        189.300000000000        5.24333305821528     
   12212.4446020779        188.900000000000        5.24121777450746     
   12222.7656398552        188.600000000000        5.23962837019936     
   12229.6523284019        188.400000000000        5.23856736214226     
   12239.9913801561        188.100000000000        5.23697373630699     
   12250.3422277160        187.800000000000        5.23537756677416     
   12260.7049087978        187.500000000000        5.23377884541047     
   12271.0889055892        187.200000000000        5.23217756404349     
   12284.9601483619        186.800000000000        5.23003852579474     
   12295.3783487638        186.500000000000        5.22843123908387     
   12305.8038261842        186.200000000000        5.22682136484297     
   12316.2413592314        185.900000000000        5.22520889472740     
   12326.6909868468        185.600000000000        5.22359382035210     
   12337.1527481610        185.300000000000        5.22197613329131     
   12347.6266824945        185.000000000000        5.22035582507832     
   12358.1128293595        184.700000000000        5.21873288720519     
   12372.1208817388        184.300000000000        5.21656486467578     
   12382.6420848565        184.000000000000        5.21493575760899     
   12389.6657555258        183.800000000000        5.21384820992159     
   12400.2156033566        183.500000000000        5.21221466749463     
   12414.3024908654        183.100000000000        5.21003245168046     
   12424.8878686203        182.800000000000        5.20839265902005     
   12431.9544435529        182.600000000000        5.20729796816087     
   12442.5639813244        182.300000000000        5.20565368168462     
   12453.1909929434        182.000000000000        5.20400668707680     
   12463.8355360636        181.700000000000        5.20235697540213     
   12474.4927956205        181.400000000000        5.20070453768104     
   12485.1628137098        181.100000000000        5.19904936488937     
   12495.8456326367        180.800000000000        5.19739144795808     
   12506.5412949171        180.500000000000        5.19573077777294     
   12517.2547487068        180.200000000000        5.19406734517424     
   12531.5605760928        179.800000000000        5.19184512203752     
   12538.7254312110        179.600000000000        5.19073215586810     
   12553.0791041735        179.200000000000        5.18850250054083     
   12563.8654023980        178.900000000000        5.18682699051467     
   12574.6698035007        178.600000000000        5.18514866844240     
   12585.4923683486        178.300000000000        5.18346752486910     
   12599.9508126466        177.900000000000        5.18122159467179     
   12610.8259523643        177.600000000000        5.17953383055807     
   12625.3480973547        177.200000000000        5.17727903817098     
   12636.2512433770        176.900000000000        5.17558460116574     
   12650.8108910614        176.500000000000        5.17332087637335     
   12665.4035725467        176.100000000000        5.17105201550216     
   12676.3648264002        175.800000000000        5.16934698525108     
   12691.0089616737        175.400000000000        5.16706907993808     
